8671
1529
6346
3924
6872
2059
6209
3141
7973
3815
3560
8425
4460
5911
4509
6788
7311
4627
2993
9264
1867
3379
9258
5127
7007
1433
8281
2097
5874
6060
5274
8946
3766
7299
9087
2910
5145
5166
8486
3509
7874
3934
1596
8220
6764
5894
1752
5317
7952
4852
6767
5319
3027
1794
5289
4604
6977
8855
5451
4728
4788
7302
9634
4579
6541
7146
2455
3241
5555
9219
2825
4391
6696
3200
1899
5240
7068
8686
9875
4905
5318
6116
1637
9017
8460
9073
7823
3582
2689
5051
4531
6157
1330
5876
7166
2972
8108
4147
5884
9132
1733
5999
8161
7807
9067
4422
7670
8780
5881
4970
9291
1433
5359
9847
1249
3349
7680
3616
3090
2446
7457
3761
9278
6111
8449
9689
5047
6180
3103
3003
8503
4736
7046
2945
1786
9674
8892
2067
4024
7736
4537
6205
1201
2636
1167
3685
9457
2777
1600
9702
1134
9597
6256
1976
6140
1283
5433
8701
5990
9256
1255
6021
3313
2824
8326
5332
6273
6420
2839
6356
6117
4800
6136
8872
2116
3285
5068
8859
2883
8774
9343
1736
5364
4918
8407
7117
4767
1675
3008
3313
9540
5835
3122
7944
6756
1829
8874
2442
9029
4882
9721
9383
6396
3694
9809
8536
6406
3024
4869
6420
1630
9485
1914
1823
9525
6603
7455
6658
6064
9589
2819
3939
5156
5832
7494
2804
8130
3741
5492
3144
6881
3717
9845
5248
7969
5841
2325
1915
6683
1151
5331
6574
7281
8772
9465
6304
4057
1194
9572
3600
1575
6542
4683
9283
7733
1488
4813
7035
9033
2361
4463
6297
1415
8167
6719
1906
6458
7998
8900
3579
1843
9555
1661
3557
7148
7916
4422
6157
7698
1848
9991
5263
4618
8717
5630
2904
4668
8043
8106
9960
7363
5394
1224
4900
3534
2629
2304
6161
5264
7078
5831
1675
7609
7628
6414
8779
7336
9950
7110
7671
7979
7944
4058
2122
3586
4722
6093
8839
8700
9961
3214
8306
6950
2278
6458
8523
1420
1210
3702
2336
1616
5620
7874
5713
8405
9920
4424
9466
7433
7692
6421
8491
6490
1371
5462
1896
4087
4413
4490
4114
9196
6679
1475
7631
9524
2878
4075
1323
2218
3822
8434
7608
2999
1172
9770
9783
1115
7029
7789
4502
5891
9211
6251
4173
1153
3461
9104
6595
5621
1702
3734
8975
6838
5716
1531
1643
3014
9891
7652
3458
4275
8190
7682
2419
5011
3109
1899
9461
9888
3030
8229
1996
8152
3423
6519
9366
1220
9860
4737
6138
1766
2250
6091
5697
4435
3287
2873
7167
2292
3464
3071
2712
3799
7738
8585
3946
6866
8860
3804
1204
4141
4847
2781
9741
3224
6756
6505
7966
8776
8561
4653
5296
8882
7469
3578
8960
2475
1303
2250
7890
3275
9729
5622
9853
6251
1188
9519
8835
1443
7620
9482
1999
5932
3628
2159
9422
2678
9255
3375
2017
2744
7851
5147
4138
2942
5327
9002
1049
3620
7977
6247
9694
5810
2188
5798
4526
4031
4977
1157
5056
2487
1875
1358
4165
9226
8077
7747
9398
1484
5138
9863
6127
9363
8742
4746
7806
8528
4896
3516
5925
3562
2384
3806
8141
1470
7643
3885
9016
4061
7188
4146
7329
9630
2370
5303
1377
3726
8403
1162
7210
8387
1383
2528
8691
6085
7900
7230
4718
8758
9318
3070
3170
4706
7171
2947
6579
1157
5562
3991
5257
7104
9971
3161
2909
6178
8005
2796
6013
9062
4307
9461
5335
9261
9237
8769
2808
2339
5073
2172
1730
4735
9081
9613
7546
8360
9020
6478
1238
3994
8920
4417
8580
6495
8875
9725
1802
4575
1090
7215
1161
4557
8085
4889
7221
6338
4055
5714
1042
6388
7277
2094
4004
3271
1880
2544
2551
8055
9794
5542
8691
6014
5343
3080
5532
4791
7520
1084
9599
4305
2643
6217
2026
8784
5188
5696
8272
7878
1876
3420
5220
6014
1401
1057
3958
6488
4608
7922
6282
1141
2337
1146
3587
9995
1505
1487
3510
4706
1192
5997
9121
9906
4815
3283
8478
3894
4974
1814
7894
7069
1581
7855
6858
4728
5849
6646
6565
2048
4974
1881
9475
3644
5298
7802
5274
3392
4280
1893
6178
2919
1610
7804
5045
5529
9976
4372
2472
5688
3724
4957
1106
4141
1602
8620
8096
2893
2973
9016
8219
6605
1170
9964
1306
6393
1497
5510
6938
6318
4425
2042
6658
7180
3371
6944
4179
9184
7547
9311
2739
9001
1107
3791
4858
4420
5857
9250
2847
4800
7079
9737
4354
7669
4046
1662
2846
9124
7234
5209
9035
1120
8413
4648
2733
1706
8864
4357
7440
8651
4563
6153
3300
7733
6564
2986
5862
8280
9728
9812
6768
1233
1813
5996
7397
9394
2118
1773
7044
6783
6936
3187
4619
8803
3736
2815
8723
3973
5837
3427
7353
2178
4325
6745
2979
9036
2870
1818
9988
4490
9521
3006
2917
7784
1886
3808
7866
4614
4576
4963
9145
2027
4541
7396
4973
6833
6262
3989
9056
5023
6627
9465
5985
9695
2450
3206
9686
1321
1961
5251
4110
4214
5822
5772
5379
7152
4953
6774
6040
7873
6672
5224
4567
4104
9057
6489
6691
3285
9401
3792
6394
1205
7379
9639
6698
6101
1638
7256
6144
1165
8213
7470
7660
1959
7289
8117
1296
8065
5162
6477
5235
8602
9229
6790
3802
6272
9512
7729
1960
3264
2073
4179
4227
5821
9753
8394
4924
9998
4170
8891
8165
9103
1203
6053
5882
5171
7560
6858
3237
1014
2945
4086
7430
7090
8574
9094
9202
5345
4402
7117
4665
1219
3525
8655
8671
6825
6309
8415
8663
2812
9145
6727
3028
4003
6845
8960
8697
4224
1985
5366
8298
2439
6984
9646
9463
3524
3989
7278
4807
8805
2001
4613
8239
1263
6523
4085
9456
1144
6133
2582
2135
4453
3804
2892
6932
1863
8814
8509
3787
7290
1537
3776
6707
4636
6786
1251
9322
7013
2583
3209
2756
8723
7004
6375
3613
9207
5901
7715
3244
5011
2810
1296
4714
5330
6123
1761
8194
8452
3305
5137
6059
9377
7634
3420
8570
1002
6890
9486
1035
4623
5746
7317
1525
9194
6342
1720
3451
4277
7870
9474
8505
5842
4129
